    3.867e-14
    7.003e-14
    1.629e-13
    2.599e-13
    3.679e-13
    4.387e-13
    4.427e-13
    4.199e-13
    3.571e-13
    2.712e-13
    1.966e-13
     1.44e-13
     9.15e-14
     5.79e-14
    3.616e-14
    1.926e-14
    1.359e-14
    1.249e-14
    1.006e-14
    7.434e-15
    6.595e-15
        6e-15
    5.431e-15
    5.272e-15
    5.194e-15
    5.048e-15
    4.889e-15
    4.738e-15
    4.604e-15
    4.481e-15
    4.357e-15
    4.227e-15
    4.101e-15
    3.972e-15
    3.827e-15
    3.697e-15
    3.661e-15
     3.53e-15
    3.509e-15
     3.45e-15
     3.42e-15
    3.423e-15
    3.376e-15
    3.351e-15
    3.335e-15
    3.312e-15
    3.284e-15
     3.25e-15
    3.219e-15
    3.174e-15
    3.116e-15
    3.148e-15
    3.187e-15
    3.363e-15
    3.246e-15
    5.238e-15
    7.428e-15
    1.158e-14
    5.746e-15
    4.844e-15
    4.204e-15
