    4.967e-14
    1.306e-13
    2.557e-13
    6.717e-13
    1.047e-12
     1.27e-12
    1.367e-12
     1.29e-12
    1.042e-12
    7.893e-13
    5.844e-13
    4.011e-13
    2.618e-13
    1.701e-13
    1.022e-13
     5.96e-14
    4.079e-14
     2.76e-14
    1.874e-14
    1.777e-14
    1.693e-14
    1.553e-14
    1.487e-14
    1.441e-14
    1.384e-14
    1.333e-14
    1.286e-14
    1.242e-14
    1.203e-14
    1.168e-14
    1.136e-14
    1.108e-14
    1.082e-14
    1.058e-14
    1.034e-14
    1.017e-14
        1e-14
    9.809e-15
    9.631e-15
    9.481e-15
    9.329e-15
    9.149e-15
    9.019e-15
    8.872e-15
    8.747e-15
    8.638e-15
    8.549e-15
    8.473e-15
    8.402e-15
    8.356e-15
    8.276e-15
    8.289e-15
     8.36e-15
     8.16e-15
    8.297e-15
     9.53e-15
    1.202e-14
    1.248e-14
     1.19e-14
    8.307e-15
    7.867e-15
