    1.375e-13
    2.549e-13
    5.207e-13
    1.313e-12
    1.963e-12
    2.268e-12
    2.305e-12
    1.971e-12
    1.539e-12
    1.158e-12
    7.915e-13
    5.063e-13
    3.434e-13
    2.195e-13
    1.189e-13
    8.444e-14
    6.417e-14
    4.285e-14
    4.066e-14
    3.703e-14
    3.416e-14
    3.075e-14
    2.861e-14
    2.842e-14
    2.652e-14
    2.516e-14
    2.448e-14
    2.329e-14
    2.241e-14
    2.167e-14
    2.092e-14
    2.034e-14
    1.978e-14
     1.93e-14
    1.886e-14
    1.853e-14
    1.818e-14
    1.785e-14
    1.749e-14
    1.717e-14
    1.685e-14
     1.65e-14
     1.62e-14
     1.59e-14
    1.564e-14
    1.543e-14
    1.526e-14
    1.514e-14
    1.505e-14
    1.501e-14
    1.494e-14
    1.504e-14
    1.498e-14
    1.497e-14
    1.542e-14
    1.558e-14
    1.706e-14
    1.621e-14
    1.594e-14
    1.249e-14
    1.197e-14
