    5.374e-14
    9.855e-14
    2.554e-13
    5.152e-13
    7.651e-13
    9.065e-13
    9.728e-13
    9.124e-13
    7.419e-13
    5.683e-13
    4.146e-13
    2.738e-13
    1.622e-13
    1.015e-13
    7.079e-14
    4.982e-14
    3.126e-14
    1.495e-14
    1.395e-14
    1.631e-14
     1.34e-14
    7.802e-15
    6.643e-15
    8.072e-15
    8.111e-15
    6.994e-15
    6.462e-15
    6.547e-15
    6.346e-15
    6.002e-15
    5.864e-15
      5.7e-15
    5.527e-15
    5.411e-15
    5.262e-15
    5.132e-15
    5.067e-15
    4.953e-15
    4.896e-15
    4.803e-15
    4.724e-15
     4.65e-15
    4.563e-15
    4.488e-15
    4.421e-15
    4.362e-15
    4.313e-15
    4.277e-15
    4.242e-15
    4.233e-15
    4.165e-15
    4.214e-15
    4.355e-15
    4.347e-15
    4.502e-15
    6.086e-15
    7.032e-15
    1.231e-14
    7.773e-15
    4.533e-15
    4.224e-15
